序號,會計編碼,日期,傳票編號,摘要,種類,借,貸,借/貸,餘額
1,1113,1070103,WF20180103001,加油,2,,98
2,1113,1070103,WF20180103002,工商憑證費,2,,420
3,1113,1070104,WF20180104001,公司設備.碎紙機,2,,799
4,1113,1070104,WF20180104002,1.2月發票,2,,18
5,1113,1070108,WF20180108001,傳輸線.充電線,2,,297
6,1113,1070109,WF20180109001,購買五金用品,2,,288
7,1113,1070109,WF20180109002,購買五金用品,2,,150
8,1113,1070114,WF20180114001,加油,2,,126
9,1113,1070119,WF20180119001,辦理負責人自然人憑證作徵信用,2,,500
10,1113,1070120,WF20180120001,加油,2,,126
11,1113,1070124,WF20180124001,文具.資料本.長尾夾,2,,156
12,1113,1070130,WF20180130001,營業用公司大小章,2,,590
13,1113,1070130,WF20180130002,護貝稅藉證明,2,,10
14,1113,1070130,WF20180130003,雙排釘書,2,,64
15,1113,1070202,WF20180202001,2月份辦公費用,2,,500
16,1113,1070202,WF20180202002,寄送創業資金申請-郵局收據,2,,56
17,1113,1070205,WF20180205001,信用徵信,2,,300
18,1113,1070207,WF20180207001,加油-至新北市開會,2,,200
19,1113,1070207,WF20180207002,名片,2,,415
20,1113,1070210,WF20180210001,加油,2,,137
21,1113,1070212,WF20180212001,置物櫃鑰匙-無營業項目-認列費用-作為未來營收,2,,40
22,1113,1070212,WF20180212002,方形紅框,2,,12
23,1113,1070212,WF20180212003,速乾打印台、wh-635修正帶,2,,178
24,1113,1070214,WF20180214001,抹布.垃圾筒.其他用品,2,,251
25,1113,1070216,WF20180216001,春節零食,2,,784
26,1113,1070216,WF20180216002,春節零食,2,,188
27,1113,1070217,WF20180217001,3轉2轉接頭(2入),2,,59
28,1113,1070222,WF20180222001,3月份辦公費用,2,,500
29,1113,1070222,WF20180222002,加油,2,,111
30,1113,1070223,WF20180223001,3--4月份發票,2,,18
31,1113,1070225,WF20180225001,停車費,2,,30
32,1113,1070226,WF20180226001,加油,2,,116
33,1113,1070226,WF20180226002,辦理旅遊採購所需證明-台胞證-拍照,2,,350
34,1113,1070227,WF20180227001,連續章-作廢,2,,100
35,1113,1070301,WF20180301001,傳真事務機耗材,2,,560
36,1113,1070301,WF20180301002,印章,2,,100
37,1113,1070305,WF20180305001,2月單位勞保費、勞工就業保險、退休金,2,,6129
38,1113,1070307,WF20180307001,停車費,2,,20
39,1113,1070308,WF20180308001,加油,2,,124
40,1113,1070308,WF20180308002,申請銀行查詢費 ,2,,300
41,1113,1070311,WF20180311001,複寫紙,2,,96
42,1113,1070311,WF20180311002,洗相片,2,,60
43,1113,1070312,WF20180312001,扺扣業主往來,1,410000,
44,1113,1070312,WF20180312002,存入1萬,1,10000,
45,1113,1070313,WF20180313001,研發支出,2,,350
46,1113,1070314,WF20180314001,透過損益按公允價值衡量之金融資產,2,,25850
47,1113,1070314,WF20180314002,透過損益按公允價值衡量之金融資產,2,,15428
48,1113,1070314,WF20180314003,透過損益按公允價值衡量之金融資產,2,,38450
49,1113,1070314,WF20180314004,透過損益按公允價值衡量之金融資產,2,,15102
50,1113,1070314,WF20180314005,透過損益按公允價值衡量之金融資產,2,,49140
51,1113,1070315,WF20180315001,加油,2,,111
52,1113,1070315,WF20180315002,關務發票處理,2,,44
53,1113,1070315,WF20180315003,關務發票處理,2,,3
54,1113,1070315,WF20180315004,創辦人創建新業務出差使用雨具,2,,124
55,1113,1070315,WF20180315005,透過損益按公允價值衡量之金融資產,2,,10000
56,1113,1070315,WF20180315006,透過損益按公允價值衡量之金融資產,2,,15050
57,1113,1070316,WF20180316001,透過損益按公允價值衡量之金融資產,2,,25900
58,1113,1070316,WF20180316003,透過損益按公允價值衡量之金融資產,2,,13041
59,1113,1070317,WF20180317001,加油,2,,76
60,1113,1070319,WF20180319001,郵資-計劃與營運,2,,80
61,1113,1070319,WF20180319002,透過損益按公允價值衡量之金融資產,2,,25550
62,1113,1070319,WF20180319003,透過損益按公允價值衡量之金融資產,2,,32850
63,1113,1070319,WF20180319004,透過損益按公允價值衡量之金融資產,1,13191,
64,1113,1070319,WF20180319005,透過損益按公允價值衡量之金融資產,2,,39250
65,1113,1070320,WF20180320001,透過損益按公允價值衡量之金融資產,2,,15768
66,1113,1070320,WF20180320002,透過損益按公允價值衡量之金融資產,2,,19449
67,1113,1070321,WF20180321001,創業補貼息申請文件郵資,2,,44
68,1113,1070322,WF20180322001,加油,2,,148
69,1113,1070323,WF20180323001,停車費-因研發參展,2,,20
70,1113,1070324,WF20180324001,Office365 商務版,2,,299
71,1113,1070325,WF20180325001,出差至台中談專案,2,,500
72,1113,1070328,WF20180328001,因研發參南港展,2,,20
73,1113,1070331,WF20180331001,3月份員工薪資,2,,221
74,1113,1070331,WF20180331003,計劃發送郵資,2,,92
75,1113,1070402,WF20180402001,加油,2,,127
76,1113,1070403,WF20180403001,馬尾夾及速乾打印補充,2,,112
77,1113,1070403,WF20180403002,系統分析使用-保證金為個人歷史支出,2,,2000
78,1113,1070403,WF20180403003,關務文件送出掛號,2,,36
79,1113,1070405,WF20180405002,薪資與保險費,2,,52525
80,1113,1070406,WF20180406001,購買設備零組件,2,,35
81,1113,1070407,WF20180407001,加油,2,,119
82,1113,1070410,WF20180410001,小牛皮紙袋改大的,2,,3
83,1113,1070410,WF20180410002,透過損益按公允價值衡量之金融資產,2,,18100
84,1113,1070411,WF20180411001,匯票購買-關務文件第二封,2,,30
85,1113,1070411,WF20180411002,文具.L型文件.修正液補充,2,,67
86,1113,1070411,WF20180411003,關務文件第二封掛號送件,2,,53
87,1113,1070413,WF20180413001,加油,2,,111
88,1113,1070419,WF20180419001,加油,2,,123
89,1113,1070424,WF20180424001,計劃快捷發送郵資,2,,120
90,1113,1070426,WF20180426001,透過損益按公允價值衡量之金融資產,1,49819,
91,1113,1070428,WF20180428001,加油,2,,119
92,1113,1070430,WF20180430006,辦公租金-4.5月份租金支出(2個月)-發票日期 3/26,2,,1000
93,1113,1070501,WF20180501001, Jcase客戶來源之一0115特別發票和廠商確認後認列,2,,3800
94,1113,1070501,WF20180501002,購買國外貨品之費用台胞證為3月1日之發票向旅行業索取公司發票,2,,1700
95,1113,1070501,WF20180501003,依營運策略新增營業項目為4月20日發票市政府5月辦理完成,2,,150
96,1113,1070501,WF20180501004,新增營業項目審核新章程市政府5月辦理完成為4月23日發票,2,,700
97,1113,1070501,WF20180501005,yes123發票5月份送達4月30日的發票,2,,2800
98,1113,1070501,WF20180501008,104人力銀行4/23試用費用,2,,380
99,1113,1070502,WF20180502001,筆購買,2,,8
100,1113,1070503,WF20180503001,a4影印紙.自黏性標籤.鋼珠筆.識別帶,2,,310
101,1113,1070504,WF20180504001,加油,2,,156
102,1113,1070505,WF20180505001,4月份副總薪資,2,,50418
103,1113,1070505,WF20180505003,4月單位勞保保險費,2,,1069
104,1113,1070506,WF20180506001,office365商務版,2,,299
105,1113,1070506,WF20180506002,停車費-內政部公關聯誼,2,,30
106,1113,1070507,WF20180507001,購買發票,2,,18
107,1113,1070511,WF20180511001,加油,2,,118
108,1113,1070514,WF20180514001,電子零件盒之零件.螺母,2,,100
109,1113,1070514,WF20180514002,電子零件盒壓克力板*4,2,,180
110,1113,1070516,WF20180516001,自動原子筆、壓克力刀,2,,132
111,1113,1070516,WF20180516002,自動原子筆、壓克力刀,2,,60
112,1113,1070520,WF20180520001,橡皮板印.專業滑鼠墊.筆,2,,155
113,1113,1070520,WF20180520002,個人辦公租金室6.7月份租金支出(2個月)-發票日期 5/20,2,,1000
114,1113,1070522,WF20180522001,加油,2,,131
115,1113,1070524,WF20180524002,遠傳攜碼中華手續費,2,,117
116,1113,1070524,WF20180524003,票品證明單-融資文件申請,2,,52
117,1113,1070528,WF20180528001,信用查詢費(公司),2,,300
118,1113,1070530,WF20180530001,融資郵資費用,2,,60
119,1113,1070530,WF20180530002,置物櫃保證金,2,,100
120,1113,1070530,WF20180530003,加油,2,,147
121,1113,1070601,WF20180601002,申請研發設備辦理費用-發票加統編,2,,100
122,1113,1070601,WF20180601003,研發費用-開發設備-3年折舊-換發票06月01日,2,,6988
123,1113,1070604,WF20180604001,樹脂、小美工刀、膠水,2,,22
124,1113,1070604,WF20180604003,Notebook 一台,2,,18900
125,1113,1070605,WF20180605001,5月份員工薪水、單位給付勞健保,2,,51487
126,1113,1070606,WF20180606001,加油,2,,154
127,1113,1070606,WF20180606002,正本發票重新寄送(03月01日)-研發設備卡,2,,4172
128,1113,1070606,WF20180606003,正本發票重新寄送(03月01日)-研發設備卡,2,,100
129,1113,1070606,WF20180606004,office365商務版,2,,299
130,1113,1070622,WF20180622001,台北-出差至一起創業交際會,2,,20
131,1113,1070625,WF20180625001,購買發票,2,,18
132,1113,1070625,WF20180625002,加油,2,,166
133,1113,1070630,WF20180630004,1月發票營所稅勾稽營業稅正常後取得發票可入帳-桃園市營業地房租,2,,18900
134,1113,1070630,WF20180630006,業主增資-蕭榮濱,1,80000,
135,1113,1070702,WF20180702001,8.9月份主管辦公租金,2,,1000
136,1113,1070704,WF20180704001,加油,2,,147
137,1113,1070705,WF20180705001,6月份副總薪資,2,,51080
138,1113,1070707,WF20180707001,Office365 商務版租金-7-8月,2,,299
139,1113,1070714,WF20180714001,加油,2,,50
140,1113,1070716,WF20180716001,加油,2,,147
141,1113,1070716,WF20180716002,7月份網路網路電話費、網路費,2,,2431
142,1113,1070716,WF20180716004,7月份網路網路電話費、網路費,2,,349
143,1113,1070717,WF20180717001,7/16-7/31 實習志工租金,2,,250
144,1113,1070717,WF20180717002,商務進階版 office365,2,,394
145,1113,1070719,WF20180719001,員工的置物櫃保證金,2,,100
146,1113,1070720,WF20180720001,二聯發票改三聯,2,,28
147,1113,1070723,WF20180723001,置物櫃經同意後配備用鎖兩組,2,,100
148,1113,1070724,WF20180724001,加油,2,,151
149,1113,1070724,WF20180724002,發票寄送 ,2,,57
150,1113,1070727,WF20180727001,yes123 預付租金,2,,2800
151,1113,1070727,WF20180727002,青創僱用8月份學生租金,2,,500
152,1113,1070730,WF20180730001,郵局業務,2,,28
153,1113,1070802,WF20180802001,閱換支票手續費,2,,10
154,1113,1070802,WF20180802002,office365進階版,2,,276
155,1113,1070803,WF20180803001,網域處理費用,2,,50
156,1113,1070805,WF20180805001,7月份副總薪資,2,,51487
157,1113,1070807,WF20180807001,獎助津貼,2,,3222
158,1113,1070809,WF20180809001,加油,2,,125
159,1113,1070813,WF20180813001,廠商銷貨電腦有問題代寫收據寄回,2,,28
160,1113,1070815,WF20180815001,8月份網路網路電話費、網路費,2,,752
161,1113,1070817,WF20180817001,研發線材：杜邦線,2,,60
162,1113,1070818,WF20180818001,加油,2,,116
163,1113,1070820,WF20180820001,SanDisk microSDHC 16GB,2,,112
164,1113,1070820,WF20180820002,ADATA威剛MicroSDHC Class 4G (附轉卡),2,,92
165,1113,1070820,WF20180820003,CyberSLIM HUB USB3.0集線器,2,,191
166,1113,1070821,WF20180821001,透過損益按公允價值衡量之金融資產,2,,18149
167,1113,1070822,WF20180822001,研發板-組合構件,2,,2448
168,1113,1070823,WF20180823001,加油,2,,50
169,1113,1070824,WF20180824001,發票,2,,18
170,1113,1070824,WF20181231106,104廣告費用 8/24,2,,3800
171,1113,1070825,WF20180825001,加油,2,,124
172,1113,1070828,WF20180828001,透過損益按公允價值衡量之金融資產,2,,14071
173,1113,1070830,WF20180830001,透過損益按公允價值衡量之金融資產,1,76164,
174,1113,1070831,WF20180831004,20180806折讓單格式向office365要求確認文件換合約產生,1,69,
175,1113,1070831,WF20180831005,20180806折讓單格式向office365要求確認文件換合約產生,1,394,
176,1113,1070903,WF20180903001,8月份office365,2,,276
177,1113,1070904,WF20180904002,透過損益按公允價值衡量之金融資產,2,,10303
178,1113,1070905,WF20180905001,8月份副總薪資,2,,51503
179,1113,1070905,WF20180905003,加油,2,,158
180,1113,1070909,WF20180909001,TP-LINK 5 埠桌上型交換器,2,,199
181,1113,1070913,WF20180913001,8月網路費、電話費,2,,369
182,1113,1070913,WF20180913002,9月網路費,2,,369
183,1113,1070915,WF20180915001,10月份租金預付,2,,500
184,1113,1070917,WF20180917001,加油,2,,133
185,1113,1070918,WF20180918001,9月份電話費,2,,434
186,1113,1070924,WF20180924001,三用電錶,2,,139
187,1113,1070924,WF20180924002,線材,2,,292
188,1113,1070925,WF20180925001,充電供應轉換板-研發,2,,320
189,1113,1070925,WF20180925002,顯示擴充板,2,,270
190,1113,1070926,WF20180926001,採購貨品更換，快遞費用,2,,28
191,1113,1070926,WF20180926002,透過損益按公允價值衡量之金融資產,1,47589,
192,1113,1070926,WF20180926004,透過損益按公允價值衡量之金融資產,2,,37400
193,1113,1070927,WF20180927001,加油,2,,124
194,1113,1071001,WF20181001006,電子材料組件,2,,10
195,1113,1071001,WF20181001007,鍚條,2,,30
196,1113,1071003,WF20181003001,螺絲,2,,7
197,1113,1071003,WF20181003002,插座、電線、Box,2,,167
198,1113,1071003,WF20181003003,插頭,2,,15
199,1113,1071003,WF20181003004,9月份office365,2,,276
200,1113,1071004,WF20181004001,研究發展的電路板設備、連接線,2,,1020
201,1113,1071005,WF20181005001,9月份副總薪資,2,,51487
202,1113,1071007,WF20181007001,加油,2,,145
203,1113,1071007,WF20181007002,線材、開關,2,,25
204,1113,1071008,WF20181008001,研究發展的電路板設備、連接線,2,,953
205,1113,1071009,WF20181009001,通訊用品,2,,360
206,1113,1071013,WF20181013001,電子線、模組,2,,95
207,1113,1071013,WF20181013002,線材、模組、電子材料、夾線釘、電子材料座,2,,197
208,1113,1071014,WF20181014001,線材、夾線釘、排針-HS98931984,2,,92
209,1113,1071014,WF20181014002,加油,2,,152
210,1113,1071014,WF20181014003,鉗子工具-HS98931984,2,,120
211,1113,1071016,WF20181016001,10月份電話費,2,,811
212,1113,1071017,WF20181017003,透過損益按公允價值衡量之金融資產,2,,25439
213,1113,1071025,WF20181025001,電源轉接夾,2,,29
214,1113,1071025,WF20181025002,吸鍚器,2,,59
215,1113,1071025,WF20181025003,膠條,2,,9
216,1113,1071025,WF20181025004,鍚條,2,,109
217,1113,1071025,WF20181025005,購買運費,2,,70
218,1113,1071027,WF20181027001,原料,2,,30
219,1113,1071027,WF20181027002,熱鐵材料,2,,28
220,1113,1071027,WF20181027003,11月份主管辦公室租金,2,,500
221,1113,1071031,WF20181031003,董事長購買股本,1,50000,
222,1113,1071031,WF20181031004,董事長購買股本,1,110000,
223,1113,1071103,WF20181103001,11月份office365,2,,276
224,1113,1071105,WF20181105001,主管-11月份,2,,51487
225,1113,1071108,WF20181108001,端子線、端子線附件,2,,8
226,1113,1071108,WF20181108002,物品應客戶要求，檢送不良，送回,2,,32
227,1113,1071109,WF20181109001,發票,2,,18
228,1113,1071111,WF20181111001,加油,2,,98
229,1113,1071115,WF20181115001,11月份網路網路電話費、網路費,2,,669
230,1113,1071116,WF20181116001,研發零件乙批,2,,780
231,1113,1071121,WF20181121001,加油,2,,141
232,1113,1071123,WF20181123001,電腦移動位置器具,2,,299
233,1113,1071130,WF20181130001,12月份主管辦公支出,2,,500
234,1113,1071130,WF20181130003,董事長購買股本,1,100000,
235,1113,1071203,WF20181203001,排針(座),2,,25
236,1113,1071203,WF20181203002,12月份office365,2,,276
237,1113,1071204,WF20181204001,12月份-業務人事行政使用,2,,24
238,1113,1071204,WF20181204002,12月份網路網路電話費、網路費,2,,676
239,1113,1071205,WF20181205002,12月份薪資-主管,2,,51463
240,1113,1071210,WF20181210001,研發零件乙批,2,,617
241,1113,1071222,WF20181222001,加油,2,,142
242,1113,1071224,WF20181224001,研發零件乙批,2,,599
243,1113,1071227,WF20181227001,電子器材,2,,163
244,1113,1071229,WF20181229001,108年1月份主管辦公支出,2,,500
245,1113,1071231,WF20180331006,投資手續費折讓 1070413,1,205,
246,1113,1071231,WF20181231004,董事長購買股本,1,50000,
247,1113,1071231,WF20181231007,銷貨軟體專業建置-1070801,1,8000,
248,1113,1071231,WF20181231008,代聯收107-08-07   +交換票107-08-06,1,3837,
249,1113,1071231,WF20181231010,董事長購買股本,1,50000,
250,1113,1071231,WF20181231012,銀行 107/6/21 利息收入,1,2,
251,1113,1071231,WF20181231037,電動零件組成器-0524換日期,2,,959
252,1113,1071231,WF20181231042,銀行 107/12/21 利息收入,1,2,
253,1113,1071231,WF20181231043,股利收入 1070810,1,2230,
254,1113,1071231,WF20181231044,股利收入 1070824,1,1390,
255,1113,1071231,WF20181231045,股利收入 1070831,1,1240,
256,1113,1071231,WF20181231046,投資手續費折讓  1070913,1,62,
257,1113,1071231,WF20181231047,股利收入 1070921,1,1270,
258,1113,1071231,WF20181231048,投資手續費折讓 1071012,1,58,
259,1113,1071231,WF20181231049,投資手續費折讓 1071113,1,25,
260,1113,1071231,WF20181231050,投資手續費折讓 1071213,1,11,
261,1113,1071231,WF20181231051,玉山銀行 107/6/21 利息收入,1,3,
262,1113,1071231,WF20181231061,投資手續費折讓 1070511,1,39,
263,1113,1071231,WF20181231066,0630--業主增資-蕭榮濱,2,,80000
264,1113,1071231,WF20181231068,WF20181001008--2018-10-01-研究資材,2,,85
265,1113,1071231,WF20181231069,WF20181017001-2018-10-17-研究資材,2,,1257
266,1113,1071231,WF20181231070,WF20181006001-2018-10-06-研究資材,2,,240
267,1113,1071231,WF20181231075,6月電話費-WF20180530006-電話費、網路費,2,,720
268,1113,1071231,WF20181231077,WF20181227002--排針、電子線,2,,48
269,1113,1071231,WF20181231080,WF20180323001-停車費-因研發參展,2,,20
270,1113,1071231,WF20181231083,0630--業主增資-蕭榮濱,1,80000,
271,1113,1071231,WF20181231084,1031-董事長購買股本,2,,50000
272,1113,1071231,WF20181231085,1031-董事長購買股本,1,50000,
273,1113,1071231,WF20181231086,1031-董事長購買股本,2,,110000
274,1113,1071231,WF20181231087,1031-董事長購買股本,1,110000,
275,1113,1071231,WF20181231108,107-08-24--104網4個月租金,2,,2532
276,1113,1071231,WF20181231117,8月份行政業務支出,2,,25
277,1113,1071231,WF20181231120,退營業稅-107-08-15,1,1430,
278,1113,1071231,WF20181231123,2月份勞工就業保險、退休金、勞工保險費支出,2,,2172
279,1113,1071231,WF20181231125,4月份員工離職後借支勞健保費用,2,,166
280,1113,1071231,WF20181231126,購買金融資產,2,,18328
281,1113,1071231,WF20181231129,6月份薪資捕給,2,,58
,,,,,1,1307030,1314379
,,,,,1,1363430,1314379,借,49051
1,1121,1070314,WF20180314001,透過損益按公允價值衡量之金融資產,1,25810,
2,1121,1070314,WF20180314002,透過損益按公允價值衡量之金融資產,1,15407,
3,1121,1070314,WF20180314003,透過損益按公允價值衡量之金融資產,1,38396,
4,1121,1070314,WF20180314004,透過損益按公允價值衡量之金融資產,1,15081,
5,1121,1070314,WF20180314005,透過損益按公允價值衡量之金融資產,1,49070,
6,1121,1070315,WF20180315005,透過損益按公允價值衡量之金融資產,1,9980,
7,1121,1070315,WF20180315006,透過損益按公允價值衡量之金融資產,1,15029,
8,1121,1070316,WF20180316001,透過損益按公允價值衡量之金融資產,1,25864,
9,1121,1070316,WF20180316003,透過損益按公允價值衡量之金融資產,1,13053,
10,1121,1070319,WF20180319002,透過損益按公允價值衡量之金融資產,1,25514,
11,1121,1070319,WF20180319003,透過損益按公允價值衡量之金融資產,1,32804,
12,1121,1070319,WF20180319004,透過損益按公允價值衡量之金融資產,2,,12979
13,1121,1070319,WF20180319005,透過損益按公允價值衡量之金融資產,1,39195,
14,1121,1070320,WF20180320001,透過損益按公允價值衡量之金融資產,1,15746,
15,1121,1070320,WF20180320002,透過損益按公允價值衡量之金融資產,1,19422,
16,1121,1070410,WF20180410002,透過損益按公允價值衡量之金融資產,1,18075,
17,1121,1070426,WF20180426001,透過損益按公允價值衡量之金融資產,2,,49431
18,1121,1070821,WF20180821001,透過損益按公允價值衡量之金融資產,1,18124,
19,1121,1070828,WF20180828001,透過損益按公允價值衡量之金融資產,1,14051,
20,1121,1070830,WF20180830001,透過損益按公允價值衡量之金融資產,2,,78145
21,1121,1070904,WF20180904002,透過損益按公允價值衡量之金融資產,1,10283,
22,1121,1070926,WF20180926002,透過損益按公允價值衡量之金融資產-資產減少,2,,51733
23,1121,1070926,WF20180926004,透過損益按公允價值衡量之金融資產,1,37347,
24,1121,1071017,WF20181017003,透過損益按公允價值衡量之金融資產,1,25403,
25,1121,1071231,WF20181231126,購買金融資產,1,18302,
,,,,,1,481956,192288
,,,,,1,481956,192288,借,289668
1,1239,1070313,WF20180313001,研發支出,1,333,
2,1239,1070514,WF20180514001,電子零件盒之零件.螺母,1,95,
3,1239,1070514,WF20180514002,電子零件盒壓克力板*4,1,171,
4,1239,1071001,WF20181001007,鍚條,1,29,
5,1239,1071003,WF20181003001,螺絲,1,7,
6,1239,1071003,WF20181003002,插座、電線、Box,1,159,
7,1239,1071007,WF20181007002,線材、開關,1,24,
8,1239,1071013,WF20181013001,電子線、模組,1,90,
9,1239,1071013,WF20181013002,線材、模組、電子材料、夾線釘、電子材料座,1,188,
10,1239,1071014,WF20181014001,線材、夾線釘、排針-HS98931984,1,88,
11,1239,1071027,WF20181027001,原料,1,29,
12,1239,1071027,WF20181027002,熱鐵材料,1,27,
,,,,,1,1240,
,,,,,1,1240,,借,1240
1,1240,1070817,WF20180817001,研發線材：杜邦線,1,57,
2,1240,1070820,WF20180820001,SanDisk microSDHC 16GB,1,107,
3,1240,1070820,WF20180820002,ADATA威剛MicroSDHC Class 4G (附轉卡),1,88,
4,1240,1070924,WF20180924002,線材,1,262,
5,1240,1071001,WF20181001006,電子材料組件,1,10,
6,1240,1071003,WF20181003003,插頭,1,14,
7,1240,1071025,WF20181025003,膠條,1,9,
8,1240,1071025,WF20181025004,鍚條,1,104,
9,1240,1071108,WF20181108001,端子線、端子線附件,1,8,
10,1240,1071203,WF20181203001,排針(座),1,24,
11,1240,1071231,WF20181231077,WF20181227002--排針、電子線,1,48,
,,,,,1,731,
,,,,,1,731,,借,731
1,1262,1070430,WF20180430006,辦公租金-5月份租金支出(2個月)-發票日期 3/26,1,500,
2,1262,1070501,WF20180501001,case客戶來源之一0115特別發票和廠商確認後認列,1,3619,
3,1262,1070501,WF20180501005,yes123發票5月份送達4月30日的發票,1,2667,
4,1262,1070501,WF20180501007,104網 3個月又17天的費用,2,,2151
5,1262,1070520,WF20180520002,個人辦公租金室6.7月份支出(2個月)-發票日期 5/20,1,1000,
6,1262,1070530,WF20180530005,yes123 5月份租金支出,2,,1067
7,1262,1070530,WF20180530007,6月份辦公租金,2,,500
8,1262,1070630,WF20180630002,7月份辦公租金,2,,500
9,1262,1070630,WF20180630003,yes123 6月份租金支出,2,,1067
10,1262,1070630,WF20180630004,1月發票營所稅勾稽營業稅正常後取得發票可入帳-桃園市營業地房租,1,8655,
11,1262,1070701,WF20180701001,辦公租用,2,,1500
12,1262,1070702,WF20180702001,8.9月份主管辦公租金,1,1000,
13,1262,1070716,WF20180716002,7月11個月網路網路電路費，前一個月,1,1983,
14,1262,1070716,WF20180716003,YES123 人力銀行費用,2,,533
15,1262,1070717,WF20180717001,7/16-7/31 實習志工租金,1,250,
16,1262,1070727,WF20180727001,yes123 預付租金,1,2667,
17,1262,1070727,WF20180727002,青創僱用8月份學生租金,1,500,
18,1262,1070731,WF20180731003,yes123 7月份租金支出,2,,534
19,1262,1070801,WF20180801002,辦公租用,2,,1500
20,1262,1070824,WF20181231106,104廣告費用 8/24,1,3619,
21,1262,1070831,WF20180831002,8月份辦公費用及實習生,2,,1000
22,1262,1070831,WF20180831003,yes123 8月份租金支出,2,,1067
23,1262,1070901,WF20180901001,辦公租用,2,,1500
24,1262,1070901,WF20180901002,9月份-主管辦公租金,2,,500
25,1262,1070915,WF20180915001,10月份租金預付,1,500,
26,1262,1071001,WF20181001001,辦公租用,2,,1500
27,1262,1071001,WF20181001002,10月份-主管辦公租金,2,,500
28,1262,1071027,WF20181027003,11月份主管辦公室租金,1,500,
29,1262,1071031,WF20181031001,10月份yes123人力銀行,2,,320
30,1262,1071101,WF20181101001,辦公租用,2,,1500
31,1262,1071101,WF20181101002,11月份-主管辦公租金,2,,500
32,1262,1071130,WF20181130001,12月份主管辦公支出,1,500,
33,1262,1071201,WF20181201001,12月份-主管辦公租金,2,,500
34,1262,1071201,WF20181201002,辦公租用,2,,1500
35,1262,1071229,WF20181229001,108年1月份主管辦公支出,1,500,
36,1262,1071231,WF20181231002,12月份yes123人力銀行,2,,212
37,1262,1071231,WF20181231100,10月份yes123人力銀行,2,,320
38,1262,1071231,WF20181231101,12月份yes123人力銀行,2,,213
39,1262,1071231,WF20181231103,yes123人力銀行暫停後使用支付-平衡帳務,2,,1
40,1262,1071231,WF20181231105,107-07-17-7月份學生辦公租金支付,2,,250
41,1262,1071231,WF20181231109,1070113-104廣告取得發票之前的支出提列，年尾核帳,2,,1468
42,1262,1071231,WF20181231112,WF20180716002--12個月網路網路電路費前一個月-半年電路支出,2,,807
43,1262,1071231,WF20181231128,0115-104網租金沖銷,2,,3619
,,,,,1,28460,26629
,,,,,1,28460,26629,借,1831
1,1266,1070906,WF20180906002,行動費用-業務人事行政使用,1,503,
2,1266,1070930,WF20180930003,行動費用-業務人事行政使用,1,475,
3,1266,1071002,WF20181002001,9月份-業務人事行政使用,2,,475
4,1266,1071031,WF20181031002,行動費用-業務人事行政使用,1,475,
5,1266,1071101,WF20181101003,11月份-業務人事行政使用,2,,475
6,1266,1071130,WF20181130002,行動費用-業務人事行政使用,1,475,
7,1266,1071204,WF20181204001,12月份-業務人事行政使用,2,,475
8,1266,1071231,WF20181231001,行動費用-業務人事行政使用,1,475,
9,1266,1071231,WF20181231117,8月份行政業務支出,2,,503
,,,,,1,2403,1928
,,,,,1,2403,1928,借,475
1,1281,1070305,WF20180305001,勞健保,1,2089,
2,1281,1070331,WF20180331002,勞健保,1,3696,
3,1281,1070430,WF20180430001,勞健保,1,2050,
4,1281,1070505,WF20180505002,3.4月帳目員工代付勞健保,2,,2050
5,1281,1070530,WF20180530004,員工勞健保,1,2050,
6,1281,1070605,WF20180605002,5月份員工勞健保代付完成,2,,2050
7,1281,1070630,WF20180630001,員工勞健保,1,2050,
8,1281,1070705,WF20180705002,6月份員工勞健保,2,,2050
9,1281,1070731,WF20180731002,員工勞健保,1,2050,
10,1281,1070805,WF20180805002,7月份員工勞健保,2,,2050
11,1281,1070905,WF20180905002,8月份員工勞健保,2,,2050
12,1281,1070906,WF20180906002,員工勞健保,1,2050,
13,1281,1070930,WF20180930003,員工勞健保,1,2050,
14,1281,1071005,WF20181005002,9月份員工勞健保,2,,2050
15,1281,1071031,WF20181031002,員工勞健保,1,2050,
16,1281,1071105,WF20181105002,10月份員工勞健保,2,,2050
17,1281,1071130,WF20181130002,員工勞健保,1,2050,
18,1281,1071205,WF20181205001,12月份員工勞健保,2,,2050
19,1281,1071231,WF20181231001,員工勞健保,1,2050,
20,1281,1071231,WF20181231116,2、3月份勞健保,2,,4478
,,,,,1,24235,20878
,,,,,1,24235,20878,借,3357
1,1283,1071231,WF20181231125,3月份員工離職後借支勞健保費用,1,166,
,,,,,1,166,
,,,,,1,166,,借,166
1,1284,1070530,WF20180530002,置物櫃保證金,1,100,
2,1284,1070719,WF20180719001,員工的置物櫃保證金,1,100,
,,,,,1,200,
,,,,,1,200,,借,200
1,1431,1070331,WF20180331005,傳真印表機,1,6743,
2,1431,1070604,WF20180604003,Notebook 一台,1,18000,
3,1431,1071231,WF20181231072,Notebook,2,,3325
,,,,,1,24743,3325
,,,,,1,24743,3325,借,21418
1,1533,1071231,WF20181231068,WF20181001008--2018-10-01-研究資材,1,85,
2,1533,1071231,WF20181231069,WF20181017001-2018-10-17-研究資材,1,1257,
3,1533,1071231,WF20181231070,WF20181006001-2018-10-06-研究資材,1,240,
4,1533,1071231,WF20181231096,研發系統及模組,1,235650,
,,,,,1,237232,
,,,,,1,237232,,借,237232
1,1584,1070312,WF20180312001,扺扣業主往來,2,,410000
2,1584,1070312,WF20180312002,存入1萬,2,,10000
,,,,,1,,420000
,,,,,1,420000,420000,借,0
1,1586,1070601,WF20180601003,研發費用-開發設備-3年折舊-換發票06月01日,1,6656,
2,1586,1070606,WF20180606002,正本發票重新寄送(03月01日)-研發設備卡,1,3974,
3,1586,1070820,WF20180820003,CyberSLIM HUB USB3.0集線器,1,182,
4,1586,1070822,WF20180822001,研發板-組合構件,1,2332,
5,1586,1070909,WF20180909001,TP-LINK 5 埠桌上型交換器,1,190,
6,1586,1070924,WF20180924001,三用電錶,1,85,
7,1586,1070925,WF20180925001,充電供應轉換板-研發,1,305,
8,1586,1070925,WF20180925002,顯示擴充板,1,257,
9,1586,1071004,WF20181004001,研究發展的電路板設備、連接線,1,971,
10,1586,1071008,WF20181008001,研究發展的電路板設備、連接線,1,908,
11,1586,1071009,WF20181009001,通訊用品,1,360,
12,1586,1071014,WF20181014003,鉗子工具-HS98931984,1,114,
13,1586,1071025,WF20181025001,電源轉接夾,1,28,
14,1586,1071025,WF20181025002,吸鍚器,1,56,
15,1586,1071116,WF20181116001,研發零件乙批,1,743,
16,1586,1071123,WF20181123001,電腦移動位置器具,1,285,
17,1586,1071210,WF20181210001,研發零件乙批,1,588,
18,1586,1071224,WF20181224001,研發零件乙批,1,570,
19,1586,1071227,WF20181227001,電子器材,1,155,
20,1586,1071231,WF20181231009,2018-11-07-NodeMcu、研發電子零件一批,2,,73
21,1586,1071231,WF20181231011,2018-03-31-KX-MB2128TW,2,,1779
22,1586,1071231,WF20181231014,2018-06-01-設計硬體設備-01,2,,2460
23,1586,1071231,WF20181231015,2018-06-06-設計硬體設備-附件,2,,1468
24,1586,1071231,WF20181231016,2018-07-25-電動零件,2,,270
25,1586,1071231,WF20181231018,2018-08-20-usb 3.0 集線器,2,,24
26,1586,1071231,WF20181231019,2018-08-22-研發電子零件,2,,615
27,1586,1071231,WF20181231020,2018-09-09-switch,2,,20
28,1586,1071231,WF20181231021,2018-09-24-三用電錶,2,,18
29,1586,1071231,WF20181231022,2018-09-25-充電供應轉換板-研發,2,,64
30,1586,1071231,WF20181231023,2018-09-25-顯示擴充板,2,,54
31,1586,1071231,WF20181231024,2018-10-04-研究發展的電路板設備、連接線,2,,154
32,1586,1071231,WF20181231025,2018-10-08-研發電子零件一式,2,,144
33,1586,1071231,WF20181231026,2018-10-09通訊用品,2,,57
34,1586,1071231,WF20181231027,2018-10-14-鉗子工具,2,,18
35,1586,1071231,WF20181231028,2018-10-25-電源轉接夾-使用各項連接零件上,2,,4
36,1586,1071231,WF20181231029,2018-10-25-吸鍚器,2,,9
37,1586,1071231,WF20181231031,2018-11-16-研發電子零件一批,2,,78
38,1586,1071231,WF20181231032,2018-11-23-電腦移動位置器具一項,2,,30
39,1586,1071231,WF20181231033,2018-12-10-研發零件乙批,2,,31
40,1586,1071231,WF20181231034,2018-12-24-研發零件乙批-研發費用-材料,2,,30
41,1586,1071231,WF20181231035,2018-12-27-電子器材-電路板熱接處理器材,2,,8
42,1586,1071231,WF20181231037,電動零件組成器-0524換日期,1,853,
,,,,,1,19612,7408
,,,,,1,19612,7408,借,12204
1,2171,1070331,WF20180331002,兩個員工退休金、勞保、健保,2,,5183
2,2171,1070405,WF20180405002,兩個員工退休金、勞保、健保,1,5183,
3,2171,1070430,WF20180430001,勞健保,2,,2468
4,2171,1070505,WF20180505001,4月份副總薪資,1,2468,
5,2171,1070530,WF20180530004,5月份公司勞保費用、員工勞健保,2,,3537
6,2171,1070605,WF20180605001,5月份公司勞保費用,1,3537,
7,2171,1070630,WF20180630001,6月份公司勞保費用,2,,3537
8,2171,1070705,WF20180705001,6月份副總薪資,1,3537,
9,2171,1070731,WF20180731002,7月份公司勞保費用,2,,4024
10,2171,1070805,WF20180805001,7月份副總薪資,1,4024,
11,2171,1070905,WF20180905001,8月份副總薪資,1,4040,
12,2171,1070906,WF20180906002,8月份公司勞保費用,2,,4040
13,2171,1070930,WF20180930003,9月份公司勞保費用,2,,1487
14,2171,1071005,WF20181005001,9月份副總薪資,1,1487,
15,2171,1071031,WF20181031002,10月份公司勞保費用,2,,1487
16,2171,1071105,WF20181105001,主管-11月份,1,1487,
17,2171,1071130,WF20181130002,11月份公司勞保費用,2,,1487
18,2171,1071205,WF20181205002,12月份薪資-主管,1,1487,
19,2171,1071231,WF20181231001,12月份公司勞保費用,2,,1487
,,,,,2,27250,28737
,,,,,2,27250,28737,貸,1487
1,2191,1070331,WF20180331002,員工薪資,2,,47342
2,2191,1070405,WF20180405002,一個員工,1,47342,
3,2191,1070430,WF20180430001,一個員工,2,,47950
4,2191,1070505,WF20180505001,4月份副總薪資,1,47950,
5,2191,1070530,WF20180530004,一個員工-5月份,2,,47950
6,2191,1070605,WF20180605001,一個員工-5月份,1,47950,
7,2191,1070630,WF20180630001,一個員工-6月份,2,,47543
8,2191,1070705,WF20180705001,6月份副總薪資,1,47543,
9,2191,1070731,WF20180731002,一個員工-7月份,2,,47463
10,2191,1070805,WF20180805001,7月份副總薪資,1,47463,
11,2191,1070905,WF20180905001,8月份副總薪資,1,47463,
12,2191,1070906,WF20180906002,一個員工-8月份,2,,47463
13,2191,1070930,WF20180930003,一個員工-9月份,2,,50000
14,2191,1071005,WF20181005001,9月份副總薪資,1,50000,
15,2191,1071031,WF20181031002,一個員工-10月份,2,,50000
16,2191,1071105,WF20181105001,主管-11月份,1,50000,
17,2191,1071130,WF20181130002,一個員工-11月份,2,,49976
18,2191,1071205,WF20181205002,12月份薪資-主管,1,49976,
19,2191,1071231,WF20181231001,一個員工-12月份,2,,49976
,,,,,2,435687,485663
,,,,,2,435687,485663,貸,49976
1,3111,1070331,WF20180331004,傳真印表機,1,6900,
2,3111,1070331,WF20180331005,董事長贈送傳真印表機,2,,7080
3,3111,1070630,WF20180630006,業主增資-蕭榮濱,2,,80000
4,3111,1071031,WF20181031003,董事長購買股本,2,,50000
5,3111,1071031,WF20181031004,董事長購買股本,2,,110000
6,3111,1071231,WF20181231066,0630--業主增資-蕭榮濱,1,80000,
7,3111,1071231,WF20181231084,1031-董事長購買股本,1,50000,
8,3111,1071231,WF20181231086,1031-董事長購買股本,1,110000,
9,3111,1071231,WF20181231089,2018-03-31--傳真印表機,1,7080,
10,3111,1071231,WF20181231091,106-12-31 設立建立的軟體版權,1,3350,
11,3111,1071231,WF20181231093,106-12-31公司開辦費、資本額審核、公司設立,1,3000,
12,3111,1071231,WF20181231095,106-12-31 大小章,1,500,
,,,,,2,260830,247080
,,,,,2,260830,760830,貸,500000
1,3113,1071130,WF20181130003,董事長購買股本,2,,100000
2,3113,1071231,WF20181231004,董事長購買股本,2,,50000
3,3113,1071231,WF20181231010,董事長購買股本,2,,50000
4,3113,1071231,WF20181231083,0630--業主增資-蕭榮濱,2,,80000
5,3113,1071231,WF20181231085,1031-董事長購買股本,2,,50000
6,3113,1071231,WF20181231087,1031-董事長購買股本,2,,110000
7,3113,1071231,WF20181231090,2018-03-31--傳真印表機,2,,7080
8,3113,1071231,WF20181231092,106-12-31 設立建立的軟體版權,2,,3350
9,3113,1071231,WF20181231094,106-12-31公司開辦費、資本額審核、公司設立,2,,3000
,,,,,2,,453430
,,,,,2,,453430,貸,453430
1,3351,1071231,WF20181231102,107年結算,1,309482,
2,3351,1071231,WF20181231130,107年本期損益,1,349970,
,,,,,1,659452,
,,,,,1,693652,,借,693652
1,3353,1071231,WF20181231102,107年結算,2,,309482
2,3353,1071231,WF20181231130,107年本期損益,2,,349970
,,,,,2,,659452
,,,,,2,,659452,貸,659452
1,4111,1071231,WF20181231007,銷貨軟體專業建置-1070801,2,,7619
,,,,,2,,7619
,,,,,2,,7619,貸,7619
1,4141,1071231,WF20180331006,投資手續費折讓 1070413,2,,205
2,4141,1071231,WF20181231046,投資手續費折讓  1070913,2,,62
3,4141,1071231,WF20181231048,投資手續費折讓 1071012,2,,58
4,4141,1071231,WF20181231049,投資手續費折讓 1071113,2,,25
5,4141,1071231,WF20181231050,投資手續費折讓 1071213,2,,11
6,4141,1071231,WF20181231061,投資手續費折讓 1070511,2,,39
,,,,,2,,400
,,,,,2,,400,貸,400
1,5111,1070501,WF20180501007,104網 3個月又17天的費用,1,2151,
2,5111,1070501,WF20180501008,104人力銀行4/23試用費用,1,362,
3,5111,1070530,WF20180530005,yes123 5月份租金支出,1,1067,
4,5111,1070630,WF20180630003,yes123 6月份租金支出,1,1067,
5,5111,1070716,WF20180716003,YES123 人力銀行費用,1,533,
6,5111,1070731,WF20180731003,yes123 7月份租金支出,1,534,
7,5111,1070802,WF20180802001,閱換支票手續費,1,10,
8,5111,1070831,WF20180831003,yes123 8月份租金支出,1,1067,
9,5111,1070903,WF20180903001,8月份office365,1,263,
10,5111,1070913,WF20180913001,8月網路費、電話費,1,351,
11,5111,1070913,WF20180913002,9月網路費、電話費,1,351,
12,5111,1071003,WF20181003004,9月份office365,1,263,
13,5111,1071031,WF20181031001,10月份yes123人力銀行,1,320,
14,5111,1071103,WF20181103001,11月份office365,1,263,
15,5111,1071203,WF20181203002,12月份office365,1,263,
16,5111,1071231,WF20181231002,12月份yes123人力銀行,1,212,
17,5111,1071231,WF20181231108,107-08-24--104網4個月租金,1,2532,
18,5111,1071231,WF20181231128,0115-104網租金沖銷,1,3619,
,,,,,1,15228,
,,,,,1,15228,,借,15228
1,5124,1070114,WF20180114001,折讓,2,,4
2,5124,1070120,WF20180120001,折讓,2,,4
3,5124,1070210,WF20180210001,加油折讓,2,,4
4,5124,1070222,WF20180222002,加油折讓,2,,1
5,5124,1070226,WF20180226001,加油折讓,2,,4
6,5124,1070308,WF20180308001,加油折讓,2,,1
7,5124,1070315,WF20180315001,加油折讓,2,,4
8,5124,1070317,WF20180317001,加油折讓,2,,5
9,5124,1070322,WF20180322001,加油折讓,2,,2
10,5124,1070402,WF20180402001,加油折讓,2,,4
11,5124,1070407,WF20180407001,加油折讓,2,,4
12,5124,1070413,WF20180413001,加油折讓,2,,4
13,5124,1070419,WF20180419001,加油折讓,2,,6
14,5124,1070428,WF20180428001,加油折讓,2,,1
15,5124,1070504,WF20180504001,加油折讓,2,,6
16,5124,1070530,WF20180530003,加油折讓,2,,4
17,5124,1070606,WF20180606001,加油折讓,2,,6
18,5124,1070625,WF20180625002,加油折讓,2,,6
19,5124,1070704,WF20180704001,加油折讓,2,,6
20,5124,1070716,WF20180716001,加油折讓,2,,6
21,5124,1070724,WF20180724001,加油折讓,2,,6
22,5124,1070809,WF20180809001,加油折讓,2,,4
23,5124,1070818,WF20180818001,加油折讓,2,,3
24,5124,1070825,WF20180825001,加油折讓,2,,4
25,5124,1070831,WF20180831004,20180806折讓單格式向office365要求確認文件換合約產生,2,,66
26,5124,1070831,WF20180831005,20180806折讓單格式向office365要求確認文件換合約產生,2,,375
27,5124,1070905,WF20180905003,加油折讓,2,,6
28,5124,1070917,WF20180917001,加油折讓,2,,4
29,5124,1070924,WF20180924002,線材,2,,10
30,5124,1070927,WF20180927001,加油折讓,2,,4
31,5124,1071007,WF20181007001,加油折讓,2,,4
32,5124,1071014,WF20181014002,加油折讓,2,,4
33,5124,1071111,WF20181111001,加油折讓,2,,3
34,5124,1071121,WF20181121001,加油折讓,2,,4
35,5124,1071222,WF20181222001,加油折讓,2,,6
36,5124,1071231,WF20181231100,0930-暫停優惠折,1,320,
37,5124,1071231,WF20181231101,0930-暫停優惠折,1,213,
,,,,,2,533,585
,,,,,2,533,585,貸,52
1,5131,1070406,WF20180406001,購買設備零組件.細牙,1,33,
,,,,,1,33,
,,,,,1,33,,借,33
1,5152,1070324,WF20180324001,Office365 商務版,1,285,
2,5152,1070403,WF20180403002,系統分析使用-保證金為個人歷史支出(一年),1,2000,
3,5152,1070506,WF20180506001,office365商務版,1,285,
4,5152,1070606,WF20180606004,office365商務版,1,285,
5,5152,1070701,WF20180701001,辦公租用,1,1500,
6,5152,1070801,WF20180801002,辦公租用,1,1500,
7,5152,1070901,WF20180901001,辦公租用,1,1500,
8,5152,1071001,WF20181001001,辦公租用,1,1500,
9,5152,1071101,WF20181101001,辦公租用,1,1500,
10,5152,1071201,WF20181201002,辦公租用,1,1500,
,,,,,1,11855,
,,,,,1,11855,,借,11855
1,5153,1070108,WF20180108001,傳輸線.充電線,1,283,
2,5153,1070124,WF20180124001,文具.資料本.長尾夾,1,149,
3,5153,1070207,WF20180207002,名片,1,295,
4,5153,1070217,WF20180217001,3轉2轉接頭(2入),1,56,
5,5153,1070301,WF20180301001,傳真事務機耗材-廠商發票計算稅額有誤,1,533,
6,5153,1070502,WF20180502001,筆購買,1,8,
7,5153,1070516,WF20180516001,自動原子筆、壓克力刀,1,126,
,,,,,1,1450,
,,,,,1,1450,,借,1450
1,5155,1070516,WF20180516002,自動原子筆、壓克力刀,1,57,
2,5155,1070924,WF20180924001,三用電錶,1,48,
3,5155,1070924,WF20180924002,線材,1,40,
4,5155,1071025,WF20181025005,購買運費,1,67,
5,5155,1071231,WF20181231037,電動零件組成器-0524換日期,1,46,
,,,,,1,258,
,,,,,1,258,,借,258
1,5156,1070716,WF20180716002,7月份網路網路電話費、網路費,1,332,
2,5156,1070716,WF20180716004,7月份網路網路電話費、網路費,1,332,
3,5156,1070731,WF20180731002,行動費用-業務人事行政使用,1,464,
4,5156,1070815,WF20180815001,8月份網路網路電話費、網路費,1,716,
5,5156,1070918,WF20180918001,9月份電話費,1,413,
6,5156,1071016,WF20181016001,10月份電話費,1,772,
7,5156,1071115,WF20181115001,11月份網路網路電話費、網路費,1,637,
8,5156,1071204,WF20181204002,12月份網路網路電話費、網路費,1,644,
9,5156,1071231,WF20181231075,6月電話費-WF20180530006-電話費、網路費,1,720,
10,5156,1071231,WF20181231124,7月份行動費用-業務人事行政使用,2,,464
,,,,,1,5030,464
,,,,,1,5030,464,借,4566
1,5162,1070324,WF20180324001,Office365 商務版,1,14,
2,5162,1070501,WF20180501001, Jcase客戶來源之一 0115特別發票和廠商確認後認列,1,181,
3,5162,1070501,WF20180501008,104人力銀行4/23試用費用,1,18,
4,5162,1070502,WF20180502001,筆購買,1,0,
5,5162,1070506,WF20180506001,office365商務版,1,14,
6,5162,1070514,WF20180514001,電子零件盒之零件.螺母,1,5,
7,5162,1070514,WF20180514002,電子零件盒壓克力板*4,1,9,
8,5162,1070516,WF20180516001,自動原子筆、壓克力刀,1,6,
9,5162,1070516,WF20180516002,自動原子筆、壓克力刀,1,3,
10,5162,1070606,WF20180606004,office365商務版,1,14,
11,5162,1070622,WF20180622001,台北-出差至一起創業交際會,1,1,
12,5162,1070707,WF20180707001,Office365 商務版租金-7-8月,1,14,
13,5162,1070716,WF20180716002,7月份網路網路電話費、網路費,1,116,
14,5162,1070716,WF20180716004,7月份網路網路電話費、網路費,1,17,
15,5162,1070717,WF20180717002,商務進階版 office365,1,19,
16,5162,1070727,WF20180727001,yes123 預付租金,1,133,
17,5162,1070815,WF20180815001,8月份網路網路電話費、網路費,1,36,
18,5162,1070824,WF20181231106,104廣告費用 8/24,1,181,
19,5162,1070831,WF20180831004,20180806折讓單格式向office365要求確認文件換合約產生,2,,3
20,5162,1070831,WF20180831005,20180806折讓單格式向office365要求確認文件換合約產生,2,,19
21,5162,1071231,WF20181231007,銷貨軟體專業建置-1070801,2,,381
22,5162,1071231,WF20181231037,電動零件組成器-0524換日期,1,60,
,,,,,1,841,403
,,,,,1,841,403,借,438
1,5911,1070601,WF20180601002,申請研發設備辦理費用-發票加統編,1,100,
2,5911,1070606,WF20180606003,正本發票重新寄送(03月01日)-研發設備卡,1,100,
,,,,,1,200,
,,,,,1,200,,借,200
1,6111,1070305,WF20180305001,2位員工,1,3298,
2,6111,1070331,WF20180331001,3月份員工薪資,1,221,
3,6111,1070331,WF20180331002,一個員工-3月份薪資,1,47342,
4,6111,1070430,WF20180430001,一個員工-4月份,1,47950,
5,6111,1070505,WF20180505002,3.4月帳目員工代付勞健保,1,2050,
6,6111,1070530,WF20180530004,一個員工-5月份,1,47950,
7,6111,1070605,WF20180605002,5月份員工勞健保代付完成,1,2050,
8,6111,1070630,WF20180630001,一個員工-6月份,1,47543,
9,6111,1070705,WF20180705002,6月份員工勞健保,1,2050,
10,6111,1070731,WF20180731002,一個員工-7月份,1,47463,
11,6111,1070805,WF20180805002,7月份員工勞健保,1,2050,
12,6111,1070905,WF20180905002,8月份員工勞健保,1,2050,
13,6111,1070906,WF20180906002,一個員工-8月份,1,47463,
14,6111,1070930,WF20180930003,一個員工-8月份,1,47451,
15,6111,1071002,WF20181002001,9月份-業務人事行政使用,1,475,
16,6111,1071005,WF20181005002,9月份員工勞健保,1,2050,
17,6111,1071031,WF20181031002,一個員工-10月份,1,47451,
18,6111,1071101,WF20181101003,11月份-員工行動費用,1,475,
19,6111,1071105,WF20181105002,10月份員工勞健保,1,2050,
20,6111,1071130,WF20181130002,一個員工-11月份,1,47451,
21,6111,1071204,WF20181204001,12月份-員工行動費用,1,475,
22,6111,1071205,WF20181205001,12月份員工勞健保,1,2050,
23,6111,1071231,WF20181231001,一個員工-12月份,1,47451,
24,6111,1071231,WF20181231096,資訊長技術股本,2,,235650
25,6111,1071231,WF20181231116,2、3月份勞健保,1,4478,
26,6111,1071231,WF20181231117,8月份行政業務支出,1,503,
27,6111,1071231,WF20181231124,7月份行動費用-業務人事行政使用,1,464,
28,6111,1071231,WF20181231129,6月份薪資捕給,1,58,
,,,,,1,502362,235650
,,,,,1,502362,235650,借,266712
1,6112,1070202,WF20180202001,2月份辦公租金,1,500,
2,6112,1070222,WF20180222001,3月份辦公租金,1,500,
3,6112,1070430,WF20180430006,辦公租金-4月份租金支出(2個月)-發票日期 3/26,1,500,
4,6112,1070530,WF20180530007,6月份辦公租金,1,500,
5,6112,1070630,WF20180630002,7月份辦公租金,1,500,
6,6112,1070630,WF20180630004,1月發票營所稅勾稽營業稅正常後取得發票可入帳-桃園市營業地房租,1,9345,
7,6112,1070707,WF20180707001,Office365 商務版租金-7-8月,1,285,
8,6112,1070717,WF20180717002,商務進階版 office365,1,375,
9,6112,1070802,WF20180802002,office365進階版,1,263,
10,6112,1070803,WF20180803001,網域處理費用,1,48,
11,6112,1070831,WF20180831002,8月份辦公租金及實習生,1,1000,
12,6112,1070901,WF20180901002,9月份-主管辦公租金,1,500,
13,6112,1071001,WF20181001002,10月份-主管辦公租金,1,500,
14,6112,1071101,WF20181101002,11月份-主管辦公租金,1,500,
15,6112,1071201,WF20181201001,12月份-主管辦公租金,1,500,
16,6112,1071231,WF20181231103,yes123人力銀行暫停後使用支付-平衡帳務,1,1,
17,6112,1071231,WF20181231105,107-07-17-7月份學生辦公租金支付,1,250,
18,6112,1071231,WF20181231109,1070113-104廣告取得發票之前的支出提列，年尾核帳,1,1468,
19,6112,1071231,WF20181231112,WF20180716002--12個月網路網路電路費前一個月-半年電路支出,1,807,
,,,,,1,18342,
,,,,,1,18342,,借,18342
1,6113,1070104,WF20180104001,公司設備.碎紙機,1,761,
2,6113,1070212,WF20180212002,方形紅框,1,11,
3,6113,1070212,WF20180212003,速乾打印台、wh-635修正帶,1,169,
4,6113,1070223,WF20180223001,3--4月份發票,1,18,
5,6113,1070227,WF20180227001,連續章-作廢,1,100,
6,6113,1070301,WF20180301002,印章,1,100,
7,6113,1070311,WF20180311001,複寫紙,1,91,
8,6113,1070311,WF20180311002,洗相片,1,57,
9,6113,1070403,WF20180403001,馬尾夾及速乾打印補充,1,107,
10,6113,1070411,WF20180411002,文具.L型文件.修正液補充,1,64,
11,6113,1070503,WF20180503001,a4影印紙.自黏性標籤.鋼珠筆.識別帶,1,295,
12,6113,1070520,WF20180520001,橡皮板印.專業滑鼠墊.筆,1,148,
13,6113,1070604,WF20180604001,樹脂、小美工刀、膠水,1,21,
14,6113,1071231,WF20181231095,106-12-31 大小章,2,,500
,,,,,1,1942,500
,,,,,1,1942,500,借,1442
1,6114,1070103,WF20180103001,加油,1,93,
2,6114,1070114,WF20180114001,加油,1,124,
3,6114,1070120,WF20180120001,加油,1,124,
4,6114,1070207,WF20180207001,加油-至新北市開會,1,190,
5,6114,1070210,WF20180210001,加油,1,134,
6,6114,1070222,WF20180222002,加油,1,107,
7,6114,1070225,WF20180225001,停車費,1,28,
8,6114,1070226,WF20180226001,加油,1,114,
9,6114,1070307,WF20180307001,停車費,1,19,
10,6114,1070308,WF20180308001,加油,1,119,
11,6114,1070315,WF20180315001,加油,1,110,
12,6114,1070317,WF20180317001,加油,1,77,
13,6114,1070322,WF20180322001,加油,1,143,
14,6114,1070325,WF20180325001,出差至台中談專案,1,476,
15,6114,1070328,WF20180328001,因研發參南港展,1,19,
16,6114,1070402,WF20180402001,加油,1,125,
17,6114,1070407,WF20180407001,加油,1,117,
18,6114,1070413,WF20180413001,加油,1,110,
19,6114,1070419,WF20180419001,加油,1,125,
20,6114,1070428,WF20180428001,加油,1,114,
21,6114,1070504,WF20180504001,加油,1,154,
22,6114,1070506,WF20180506002,停車費-內政部公關聯誼,1,29,
23,6114,1070511,WF20180511001,加油,1,112,
24,6114,1070522,WF20180522001,加油,1,125,
25,6114,1070530,WF20180530003,加油,1,144,
26,6114,1070606,WF20180606001,加油,1,153,
27,6114,1070622,WF20180622001,台北-出差至一起創業交際會,1,19,
28,6114,1070625,WF20180625002,加油,1,164,
29,6114,1070704,WF20180704001,加油,1,146,
30,6114,1070714,WF20180714001,加油,1,48,
31,6114,1070716,WF20180716001,加油,1,146,
32,6114,1070724,WF20180724001,加油,1,150,
33,6114,1070809,WF20180809001,加油,1,123,
34,6114,1070818,WF20180818001,加油,1,113,
35,6114,1070823,WF20180823001,加油,1,2,
36,6114,1070825,WF20180825001,加油,1,122,
37,6114,1070905,WF20180905003,加油,1,156,
38,6114,1070917,WF20180917001,加油,1,131,
39,6114,1070927,WF20180927001,加油,1,122,
40,6114,1071007,WF20181007001,加油,1,142,
41,6114,1071014,WF20181014002,加油,1,149,
42,6114,1071111,WF20181111001,加油,1,96,
43,6114,1071121,WF20181121001,加油,1,138,
44,6114,1071222,WF20181222001,加油,1,141,
,,,,,1,5293,
,,,,,1,5293,,借,5293
1,6115,1070207,WF20180207002,名片,1,100,
,,,,,1,100,
,,,,,1,100,,借,100
1,6120,1070305,WF20180305001,2月單位勞保費、勞工就業保險、退休金,1,742,
2,6120,1070331,WF20180331002,3月單位勞保費,1,1487,
3,6120,1070430,WF20180430001,4月單位勞保保險費,1,418,
4,6120,1070505,WF20180505003,4月單位勞保保險費,1,1069,
5,6120,1070530,WF20180530004,5月份公司勞保費用,1,1487,
6,6120,1070630,WF20180630001,6月份公司勞保費用,1,1487,
7,6120,1070731,WF20180731002,7月份公司勞保費用,1,1487,
8,6120,1070906,WF20180906002,8月份公司勞保費用,1,1487,
9,6120,1070930,WF20180930003,9月份公司勞保費用,1,1487,
10,6120,1071031,WF20181031002,10月份公司勞保費用,1,1487,
11,6120,1071130,WF20181130002,11月份公司勞保費用,1,1487,
12,6120,1071231,WF20181231001,12月份公司勞保費用,1,1487,
13,6120,1071231,WF20181231123,2月份勞工就業保險、退休金、勞工保險費支出,1,2172,
,,,,,1,17784,
,,,,,1,17784,,借,17784
1,6122,1070807,WF20180807001,獎助津貼,1,3222,
,,,,,1,3222,
,,,,,1,3222,,借,3222
1,6123,1070103,WF20180103001,稅捐,1,5,
2,6123,1070103,WF20180103002,稅捐,1,20,
3,6123,1070104,WF20180104001,稅捐,1,38,
4,6123,1070108,WF20180108001,稅捐,1,14,
5,6123,1070109,WF20180109001,稅捐,1,14,
6,6123,1070109,WF20180109002,稅捐,1,7,
7,6123,1070114,WF20180114001,稅捐,1,6,
8,6123,1070120,WF20180120001,稅捐,1,6,
9,6123,1070124,WF20180124001,稅捐,1,7,
10,6123,1070130,WF20180130003,稅捐,1,4,
11,6123,1070207,WF20180207001,加油-至新北市開會,1,10,
12,6123,1070207,WF20180207002,名片,1,20,
13,6123,1070210,WF20180210001,稅捐,1,7,
14,6123,1070212,WF20180212002,稅捐,1,1,
15,6123,1070212,WF20180212003,稅捐,1,9,
16,6123,1070214,WF20180214001,稅捐,1,12,
17,6123,1070216,WF20180216001,稅捐,1,38,
18,6123,1070216,WF20180216002,稅捐,1,9,
19,6123,1070217,WF20180217001,稅捐,1,3,
20,6123,1070222,WF20180222002,稅捐,1,5,
21,6123,1070225,WF20180225001,稅捐,1,2,
22,6123,1070226,WF20180226001,稅捐,1,6,
23,6123,1070226,WF20180226002,稅捐,1,17,
24,6123,1070301,WF20180301001,傳真事務機耗材發票計算稅額有誤,1,27,
25,6123,1070307,WF20180307001,稅捐,1,1,
26,6123,1070308,WF20180308001,加油,1,6,
27,6123,1070311,WF20180311001,複寫紙,1,5,
28,6123,1070311,WF20180311002,洗相片,1,3,
29,6123,1070313,WF20180313001,研發支出,1,17,
30,6123,1070315,WF20180315001,稅捐,1,5,
31,6123,1070316,WF20180316003,透過損益按公允價值衡量之金融資產,1,39,
32,6123,1070317,WF20180317001,稅捐,1,4,
33,6123,1070319,WF20180319004,透過損益按公允價值衡量之金融資產,1,39,
34,6123,1070322,WF20180322001,稅捐,1,7,
35,6123,1070323,WF20180323001,停車費-因研發參展,1,1,
36,6123,1070325,WF20180325001,出差至台中談專案,1,24,
37,6123,1070328,WF20180328001,因研發參南港展,1,1,
38,6123,1070331,WF20180331005,傳真印表機,1,337,
39,6123,1070402,WF20180402001,稅捐,1,6,
40,6123,1070403,WF20180403001,馬尾夾及速乾打印補充,1,5,
41,6123,1070406,WF20180406001,購買設備零組件,1,2,
42,6123,1070407,WF20180407001,稅捐,1,6,
43,6123,1070411,WF20180411002,文具.L型文件.修正液補充,1,3,
44,6123,1070413,WF20180413001,稅捐,1,5,
45,6123,1070419,WF20180419001,稅捐,1,4,
46,6123,1070426,WF20180426001,透過損益按公允價值衡量之金融資產,1,150,
47,6123,1070428,WF20180428001,稅捐,1,6,
48,6123,1070501,WF20180501005,yes123發票5月份送達4月30日的發票,1,133,
49,6123,1070503,WF20180503001,a4影印紙.自黏性標籤.鋼珠筆.識別帶,1,15,
50,6123,1070504,WF20180504001,稅捐,1,8,
51,6123,1070506,WF20180506002,停車費-內政部公關聯誼,1,1,
52,6123,1070511,WF20180511001,加油,1,6,
53,6123,1070520,WF20180520001,橡皮板印.專業滑鼠墊.筆,1,7,
54,6123,1070522,WF20180522001,稅捐,1,6,
55,6123,1070524,WF20180524002,遠傳攜碼中華手續費,1,5,
56,6123,1070528,WF20180528001,信用查詢費(公司),1,14,
57,6123,1070530,WF20180530003,稅捐,1,7,
58,6123,1070601,WF20180601003,研發費用-開發設備-3年折舊-換發票06月01日,1,332,
59,6123,1070604,WF20180604001,樹脂、小美工刀、膠水,1,1,
60,6123,1070604,WF20180604003,Notebook 一台,1,900,
61,6123,1070606,WF20180606001,稅捐,1,7,
62,6123,1070606,WF20180606002,正本發票重新寄送(03月01日)-研發設備卡,1,198,
63,6123,1070625,WF20180625002,稅捐,1,8,
64,6123,1070630,WF20180630004,1月發票營所稅勾稽營業稅正常後取得發票可入帳-桃園市營業地房租,1,900,
65,6123,1070704,WF20180704001,稅捐,1,7,
66,6123,1070714,WF20180714001,稅捐,1,2,
67,6123,1070716,WF20180716001,稅捐,1,7,
68,6123,1070724,WF20180724001,稅捐,1,7,
69,6123,1070731,WF20180731002,行動費用-業務人事行政使用,1,23,
70,6123,1070802,WF20180802002,office365進階版,1,13,
71,6123,1070803,WF20180803001,網域處理費用,1,2,
72,6123,1070809,WF20180809001,稅捐,1,6,
73,6123,1070817,WF20180817001,研發線材：杜邦線,1,3,
74,6123,1070818,WF20180818001,稅捐,1,6,
75,6123,1070820,WF20180820001,SanDisk microSDHC 16GB,1,5,
76,6123,1070820,WF20180820002,ADATA威剛MicroSDHC Class 4G (附轉卡),1,4,
77,6123,1070820,WF20180820003,CyberSLIM HUB USB3.0集線器,1,9,
78,6123,1070822,WF20180822001,研發板-組合構件,1,116,
79,6123,1070823,WF20180823001,稅捐,1,48,
80,6123,1070825,WF20180825001,稅捐,1,6,
81,6123,1070830,WF20180830001,透過損益按公允價值衡量之金融資產,1,228,
82,6123,1070903,WF20180903001,8月份office365,1,13,
83,6123,1070905,WF20180905003,稅捐,1,8,
84,6123,1070909,WF20180909001,TP-LINK 5 埠桌上型交換器,1,9,
85,6123,1070913,WF20180913001,8月網路費、電話費,1,18,
86,6123,1070913,WF20180913002,9月網路費,1,18,
87,6123,1070917,WF20180917001,稅捐,1,6,
88,6123,1070918,WF20180918001,9月份電話費,1,21,
89,6123,1070924,WF20180924001,三用電錶,1,6,
90,6123,1070925,WF20180925001,充電供應轉換板-研發,1,15,
91,6123,1070925,WF20180925002,顯示擴充板,1,13,
92,6123,1070926,WF20180926002,年度金融資產調整,1,143,
93,6123,1070927,WF20180927001,稅捐,1,6,
94,6123,1070930,WF20180930003,行動費用-業務人事行政使用,1,24,
95,6123,1071001,WF20181001007,鍚條,1,1,
96,6123,1071003,WF20181003002,插座、電線、Box,1,8,
97,6123,1071003,WF20181003003,插頭,1,1,
98,6123,1071003,WF20181003004,9月份office365,1,13,
99,6123,1071004,WF20181004001,研究發展的電路板設備、連接線,1,49,
100,6123,1071007,WF20181007001,稅捐,1,7,
101,6123,1071007,WF20181007002,線材、開關,1,1,
102,6123,1071008,WF20181008001,研究發展的電路板設備、連接線,1,45,
103,6123,1071013,WF20181013001,電子線、模組,1,5,
104,6123,1071013,WF20181013002,線材、模組、電子材料、夾線釘、電子材料座,1,9,
105,6123,1071014,WF20181014001,線材、夾線釘、排針-HS98931984,1,4,
106,6123,1071014,WF20181014002,稅捐,1,7,
107,6123,1071014,WF20181014003,鉗子工具-HS98931984,1,6,
108,6123,1071016,WF20181016001,10月份電話費,1,39,
109,6123,1071025,WF20181025001,電源轉接夾,1,1,
110,6123,1071025,WF20181025002,吸鍚器,1,3,
111,6123,1071025,WF20181025004,鍚條,1,5,
112,6123,1071025,WF20181025005,購買運費,1,3,
113,6123,1071027,WF20181027001,原料,1,1,
114,6123,1071027,WF20181027002,熱鐵材料,1,1,
115,6123,1071031,WF20181031002,行動費用-業務人事行政使用,1,24,
116,6123,1071103,WF20181103001,11月份office365,1,13,
117,6123,1071111,WF20181111001,稅捐,1,5,
118,6123,1071115,WF20181115001,11月份網路網路電話費、網路費,1,32,
119,6123,1071116,WF20181116001,研發零件乙批,1,37,
120,6123,1071121,WF20181121001,稅捐,1,7,
121,6123,1071123,WF20181123001,電腦移動位置器具,1,14,
122,6123,1071203,WF20181203001,排針(座),1,1,
123,6123,1071203,WF20181203002,12月份office365,1,13,
124,6123,1071204,WF20181204001,12月份-員工行動費用,1,24,
125,6123,1071204,WF20181204002,12月份網路網路電話費、網路費,1,32,
126,6123,1071210,WF20181210001,研發零件乙批,1,29,
127,6123,1071222,WF20181222001,稅捐,1,7,
128,6123,1071224,WF20181224001,研發零件乙批,1,29,
129,6123,1071227,WF20181227001,電子器材,1,8,
130,6123,1071231,WF20181231117,8月份行政業務支出,1,25,
131,6123,1071231,WF20181231120,退營業稅-107-08-15,2,,1430
,,,,,1,4812,1430
,,,,,1,4812,1430,借,3382
1,6130,1071231,WF20181231009,2018-11-07-NodeMcu、研發電子零件一批,1,73,
2,6130,1071231,WF20181231011,2018-03-31-KX-MB2128TW,1,1779,
3,6130,1071231,WF20181231014,2018-06-01-設計硬體設備-01,1,2460,
4,6130,1071231,WF20181231015,2018-06-06-設計硬體設備-附件,1,1468,
5,6130,1071231,WF20181231016,2018-07-25-電動零件,1,270,
6,6130,1071231,WF20181231018,2018-08-20-usb 3.0 集線器,1,24,
7,6130,1071231,WF20181231019,2018-08-22-研發電子零件,1,615,
8,6130,1071231,WF20181231020,2018-09-09-switch,1,20,
9,6130,1071231,WF20181231021,2018-09-24-三用電錶,1,18,
10,6130,1071231,WF20181231022,2018-09-25-充電供應轉換板-研發,1,64,
11,6130,1071231,WF20181231023,2018-09-25-顯示擴充板,1,54,
12,6130,1071231,WF20181231024,2018-10-04-研究發展的電路板設備、連接線,1,154,
13,6130,1071231,WF20181231025,2018-10-08-研發電子零件一式,1,144,
14,6130,1071231,WF20181231026,2018-10-09通訊用品,1,57,
15,6130,1071231,WF20181231027,2018-10-14-鉗子工具,1,18,
16,6130,1071231,WF20181231028,2018-10-25-電源轉接夾-使用各項連接零件上,1,4,
17,6130,1071231,WF20181231029,2018-10-25-吸鍚器,1,9,
18,6130,1071231,WF20181231031,2018-11-16-研發電子零件一批,1,78,
19,6130,1071231,WF20181231032,2018-11-23-電腦移動位置器具一項,1,30,
20,6130,1071231,WF20181231033,2018-12-10-研發零件乙批,1,31,
21,6130,1071231,WF20181231034,2018-12-24-研發零件乙批-研發費用-材料,1,30,
22,6130,1071231,WF20181231035,2018-12-27-電子器材-電路板熱接處理器材,1,8,
23,6130,1071231,WF20181231072,Notebook,1,3325,
,,,,,1,10733,
,,,,,1,10733,,借,10733
1,6134,1070103,WF20180103002,工商憑證費,1,400,
2,6134,1070104,WF20180104002,1.2月發票,1,18,
3,6134,1070109,WF20180109001,購買五金用品,1,274,
4,6134,1070109,WF20180109002,購買五金用品,1,143,
5,6134,1070119,WF20180119001,辦理負責人自然人憑證作徵信用,1,500,
6,6134,1070130,WF20180130001,營業用公司大小章,1,590,
7,6134,1070130,WF20180130002,護貝稅藉證明,1,10,
8,6134,1070130,WF20180130003,雙排釘書,1,60,
9,6134,1070202,WF20180202002,寄送創業資金申請-郵局收據,1,56,
10,6134,1070205,WF20180205001,信用徵信,1,300,
11,6134,1070212,WF20180212001,置物櫃鑰匙-無營業項目-認列費用-作為未來營收,1,40,
12,6134,1070214,WF20180214001,抹布.垃圾筒.其他用品,1,239,
13,6134,1070216,WF20180216001,春節零食,1,746,
14,6134,1070216,WF20180216002,春節零食,1,179,
15,6134,1070226,WF20180226002,辦理旅遊採購所需證明-台胞證-拍照,1,333,
16,6134,1070308,WF20180308002,申請銀行查詢費 ,1,300,
17,6134,1070315,WF20180315002,關務發票處理,1,44,
18,6134,1070315,WF20180315003,關務發票處理,1,3,
19,6134,1070315,WF20180315004,創辦人創建新業務出差使用雨具,1,124,
20,6134,1070319,WF20180319001,郵資-計劃與營運,1,80,
21,6134,1070321,WF20180321001,創業補貼息申請文件郵資,1,44,
22,6134,1070323,WF20180323001,停車費-因研發參展,1,19,
23,6134,1070331,WF20180331003,計劃發送郵資,1,92,
24,6134,1070331,WF20180331004,傳真印表機,2,,6900
25,6134,1070403,WF20180403003,關務文件送出掛號,1,36,
26,6134,1070410,WF20180410001,小牛皮紙袋改大的,1,3,
27,6134,1070411,WF20180411001,匯票購買-關務文件第二封,1,30,
28,6134,1070411,WF20180411003,關務文件第二封掛號送件,1,53,
29,6134,1070424,WF20180424001,計劃快捷發送郵資,1,120,
30,6134,1070501,WF20180501002,購買國外貨品之費用台胞證為3月1日之發票向旅行業索取公司發票,1,1700,
31,6134,1070501,WF20180501003,依營運策略新增營業項目為4月20日發票市政府5月辦理完成,1,150,
32,6134,1070501,WF20180501004,新增營業項目審核新章程市政府5月辦理完成為4月23日發票,1,700,
33,6134,1070507,WF20180507001,購買發票,1,18,
34,6134,1070524,WF20180524002,遠傳攜碼中華手續費,1,112,
35,6134,1070524,WF20180524003,票品證明單-融資文件申請,1,52,
36,6134,1070528,WF20180528001,信用查詢費(公司),1,286,
37,6134,1070530,WF20180530001,融資郵資費用,1,60,
38,6134,1070625,WF20180625001,購買發票,1,18,
39,6134,1070720,WF20180720001,二聯發票改三聯,1,28,
40,6134,1070723,WF20180723001,置物櫃經同意後配備用鎖兩組,1,100,
41,6134,1070724,WF20180724002,發票寄送 ,1,57,
42,6134,1070730,WF20180730001,郵局業務,1,28,
43,6134,1070813,WF20180813001,廠商銷貨電腦有問題代寫收據寄回,1,28,
44,6134,1070824,WF20180824001,發票,1,18,
45,6134,1070926,WF20180926001,採購貨品更換，快遞費用,1,28,
46,6134,1071108,WF20181108002,物品應客戶要求，檢送不良，送回,1,32,
47,6134,1071109,WF20181109001,發票,1,18,
48,6134,1071231,WF20181231080,WF20180323001-停車費-因研發參展,1,20,
49,6134,1071231,WF20181231089,2018-03-31--傳真印表機,2,,7080
50,6134,1071231,WF20181231090,2018-03-31--傳真印表機,1,7080,
51,6134,1071231,WF20181231091,106-12-31 設立建立的軟體版權,2,,3350
52,6134,1071231,WF20181231092,106-12-31 設立建立的軟體版權,1,3350,
53,6134,1071231,WF20181231093,106-12-31公司開辦費、資本額審核、公司設立,2,,3000
54,6134,1071231,WF20181231094,106-12-31公司開辦費、資本額審核、公司設立,1,3000,
,,,,,1,21719,20330
,,,,,1,21719,20330,借,1389
1,7111,1071231,WF20181231012,銀行 107/6/21 利息收入,2,,2
2,7111,1071231,WF20181231042,銀行 107/12/21 利息收入,2,,2
3,7111,1071231,WF20181231051,玉山銀行 107/6/21 利息收入,2,,3
,,,,,2,,7
,,,,,2,,7,貸,7
1,7141,1071231,WF20181231043,股利收入 1070810,2,,2230
2,7141,1071231,WF20181231044,股利收入 1070824,2,,1390
3,7141,1071231,WF20181231045,股利收入 1070831,2,,1240
4,7141,1071231,WF20181231047,股利收入 1070921,2,,1270
,,,,,2,,6130
,,,,,2,,6130,貸,6130
1,7161,1070316,WF20180316003,透過損益按公允價值衡量之金融資產,2,,71
2,7161,1070319,WF20180319004,透過損益按公允價值衡量之金融資產,2,,271
3,7161,1070426,WF20180426001,透過損益按公允價值衡量之金融資產,2,,609
,,,,,2,,951
,,,,,2,,951,貸,951
1,7162,1070830,WF20180830001,透過損益按公允價值衡量之金融資產-減少1%,1,1645,
2,7162,1070926,WF20180926002,捐失7.63%,1,3933,
,,,,,1,5578,
,,,,,1,5578,,借,5578
1,7243,1070314,WF20180314001,透過損益按公允價值衡量之金融資產,1,40,
2,7243,1070314,WF20180314002,透過損益按公允價值衡量之金融資產,1,21,
3,7243,1070314,WF20180314003,透過損益按公允價值衡量之金融資產,1,54,
4,7243,1070314,WF20180314004,透過損益按公允價值衡量之金融資產,1,21,
5,7243,1070314,WF20180314005,透過損益按公允價值衡量之金融資產,1,70,
6,7243,1070315,WF20180315005,透過損益按公允價值衡量之金融資產,1,20,
7,7243,1070315,WF20180315006,透過損益按公允價值衡量之金融資產,1,21,
8,7243,1070316,WF20180316001,透過損益按公允價值衡量之金融資產,1,36,
9,7243,1070316,WF20180316003,透過損益按公允價值衡量之金融資產,1,20,
10,7243,1070319,WF20180319002,透過損益按公允價值衡量之金融資產,1,36,
11,7243,1070319,WF20180319003,透過損益按公允價值衡量之金融資產,1,46,
12,7243,1070319,WF20180319004,透過損益按公允價值衡量之金融資產,1,20,
13,7243,1070319,WF20180319005,透過損益按公允價值衡量之金融資產,1,55,
14,7243,1070320,WF20180320001,透過損益按公允價值衡量之金融資產,1,22,
15,7243,1070320,WF20180320002,透過損益按公允價值衡量之金融資產,1,27,
16,7243,1070410,WF20180410002,透過損益按公允價值衡量之金融資產,1,25,
17,7243,1070426,WF20180426001,透過損益按公允價值衡量之金融資產,1,71,
18,7243,1070821,WF20180821001,透過損益按公允價值衡量之金融資產,1,25,
19,7243,1070828,WF20180828001,透過損益按公允價值衡量之金融資產,1,20,
20,7243,1070830,WF20180830001,透過損益按公允價值衡量之金融資產,1,108,
21,7243,1070904,WF20180904002,透過損益按公允價值衡量之金融資產,1,20,
22,7243,1070926,WF20180926002,透過損益按公允價值衡量之金融資產,1,68,
23,7243,1070926,WF20180926004,透過損益按公允價值衡量之金融資產,1,53,
24,7243,1071017,WF20181017003,透過損益按公允價值衡量之金融資產,1,36,
25,7243,1071231,WF20181231126,購買金融資產,1,26,
,,,,,1,961,
,,,,,1,961,,借,961
1,7247,1071231,WF20181231008,代聯收107-08-07   +交換票107-08-06,2,,3837
,,,,,2,,3837
,,,,,2,,3837,貸,3837
1,1583,,,,1,3150,,借,3150
